500
506
511
516
519
519
516
517
523
528
532
540
544
550
554
559
564
558
553
547
542
538
538
540
541
544
552
559
562
558
552
552
553
553
554
555
555
551
552
552
552
552
555
558
561
564
567
569
567
571
569
564
553
549
549
552
547
547
546
544
541
538
536
533
529
527
525
522
520
516
509
502
502
502
500
500
499
498
497
497
494
487
479
474
465
464
468
473
479
479
480
481
482
482
484
487
488
492
494
497
499
501
503
502
498
490
485
477
476
479
485
489
496
499
499
497
497
498
501
501
498
494
491
488
485
484
484
487
491
219
218
221
224
229
236
242
247
246
246
247
248
249
253
254
259
264
262
260
258
254
254
260
262
264
266
270
274
274
276
275
279
292
304
313
319
323
325
332
336
343
352
358
366
376
388
396
407
411
420
427
427
429
426
420
415
409
404
396
389
381
376
367
363
354
349
343
342
344
350
356
364
369
376
383
390
395
400
408
411
414
415
418
419
420
416
411
409
404
397
388
380
373
365
358
350
341
336
327
322
316
311
300
293
295
294
291
288
284
283
285
286
286
285
281
274
270
267
261
257
251
253
250
246
239
232
227
225
223
