512
517
519
519
516
518
521
529
534
538
543
547
550
554
559
562
562
554
545
535
523
513
504
504
510
519
531
537
544
541
535
532
541
541
531
513
507
506
518
537
547
551
551
552
552
551
549
548
548
549
549
553
555
561
563
568
568
568
570
569
564
558
550
549
552
549
546
543
539
534
530
528
525
521
514
512
508
503
502
500
500
497
497
497
499
496
488
480
476
468
464
464
467
470
474
479
480
482
481
481
482
486
488
489
493
494
497
497
496
494
491
484
472
464
459
454
452
457
463
469
477
487
490
490
487
487
491
494
498
502
501
498
494
490
489
488
486
485
486
490
496
500
219
223
228
235
241
244
245
246
247
249
252
255
258
263
272
275
282
287
293
294
294
294
292
286
283
283
283
282
279
274
269
261
275
280
283
285
286
293
293
293
293
293
298
304
313
320
324
327
335
341
346
354
365
377
384
399
402
412
419
425
428
429
426
421
415
411
399
388
378
368
359
354
349
341
347
350
358
364
369
379
386
396
403
408
409
412
414
416
418
420
418
412
410
409
407
403
396
386
377
369
364
353
342
336
329
322
318
313
305
300
297
297
295
292
292
288
283
281
283
284
285
287
287
284
280
274
267
264
260
257
252
250
250
247
243
240
235
229
226
222
220
220
