513
515
514
513
516
523
529
537
539
541
536
527
513
499
491
481
466
461
447
453
457
466
477
487
497
507
517
527
540
542
539
540
542
542
545
549
550
550
550
553
549
551
549
550
550
554
558
559
565
566
567
567
571
571
569
562
556
549
549
553
550
549
547
546
544
540
536
534
528
528
525
519
514
510
506
501
502
502
499
498
498
498
498
493
488
480
466
466
470
475
480
480
481
481
480
481
483
482
482
485
487
491
495
497
499
499
499
497
496
494
486
471
469
461
458
445
441
441
434
440
447
452
453
461
466
475
481
486
490
491
493
494
482
477
459
451
459
469
483
482
479
480
486
494
501
508
221
229
237
242
245
246
246
250
255
265
268
269
261
255
250
245
239
234
233
233
237
239
241
244
245
248
248
256
261
269
273
280
286
290
299
304
310
317
323
326
329
336
343
351
356
366
374
383
390
396
404
410
418
422
427
430
425
421
414
411
406
395
389
385
377
372
364
352
350
345
338
345
352
359
362
369
379
385
392
400
407
409
413
415
415
419
419
412
408
406
405
397
391
384
377
371
362
354
348
342
336
328
321
317
312
306
300
295
287
280
283
280
276
273
266
263
262
258
257
258
260
267
260
263
266
269
269
269
267
261
260
257
248
245
240
235
233
236
240
238
234
228
221
221
219
220
