477
476
476
480
474
463
451
443
431
424
413
402
401
404
408
410
421
430
443
449
455
463
475
479
487
489
506
496
485
464
455
445
434
424
416
402
394
392
395
399
411
419
422
428
437
446
458
466
473
481
485
487
487
487
490
492
494
494
493
490
489
487
484
482
482
481
480
480
477
469
466
466
472
479
488
496
498
498
499
502
502
501
512
517
520
523
526
529
535
539
541
546
546
548
551
553
549
554
560
567
572
572
568
567
566
564
560
556
552
551
550
548
548
548
550
551
545
543
541
540
538
537
531
523
514
513
513
508
504
496
487
483
476
476
479
485
494
501
504
506
509
226
233
238
242
245
244
244
240
241
242
242
242
244
245
245
248
250
250
253
251
254
255
257
261
261
261
266
263
260
257
255
253
253
253
253
251
251
254
254
257
258
258
260
262
262
265
265
268
269
269
274
282
286
295
299
304
309
317
321
328
342
350
360
371
383
391
398
400
404
407
412
419
417
414
413
413
409
399
389
376
370
359
347
340
336
344
350
356
366
375
384
393
402
408
411
415
422
426
426
426
420
414
409
399
390
382
376
366
358
352
344
336
329
323
314
306
297
291
282
272
267
260
249
246
244
242
237
232
242
243
245
245
245
235
222
221
221
221
221
226
228
