533
541
544
545
538
537
539
545
549
556
560
560
559
556
550
544
536
527
517
509
501
499
495
500
504
512
516
522
531
536
539
543
544
546
543
541
528
520
506
499
495
499
509
516
525
541
550
549
547
547
547
548
549
549
551
555
562
563
565
567
567
570
570
569
565
562
558
552
549
549
548
545
540
539
536
533
530
527
524
524
521
517
516
509
509
505
500
498
497
498
499
500
501
503
501
494
489
481
474
470
470
470
478
483
483
482
478
478
478
475
475
475
477
483
484
487
488
491
493
493
492
492
492
487
485
483
474
471
463
457
458
462
466
469
470
474
480
481
487
495
496
503
512
515
514
512
510
509
509
514
521
525
528
212
216
222
232
239
245
249
249
249
252
259
272
281
288
291
293
292
291
287
283
276
275
268
266
270
273
273
273
276
277
278
278
272
267
274
277
274
274
272
268
269
278
280
285
290
291
291
302
312
320
327
337
346
354
362
369
383
389
398
403
409
416
420
424
424
424
424
423
419
412
406
401
390
383
378
375
368
361
354
349
343
338
334
335
342
346
353
362
367
373
382
388
396
406
410
410
413
415
417
415
411
408
403
403
400
392
387
380
373
363
360
354
350
341
335
328
321
317
308
301
293
287
281
284
287
289
285
280
274
268
263
260
260
263
268
271
274
270
264
257
256
254
251
248
245
242
233
228
221
219
215
214
213
