478
484
488
484
484
488
497
506
512
520
527
534
541
549
553
555
545
536
525
521
511
510
507
512
522
524
531
531
530
526
525
514
524
529
522
510
511
515
528
537
543
543
546
552
551
551
550
551
555
555
557
560
561
561
564
565
569
571
571
571
568
566
562
554
551
551
551
549
547
547
543
540
538
535
533
530
530
529
523
520
516
513
506
505
502
500
499
499
499
497
500
501
501
501
496
488
481
474
467
468
473
479
481
481
479
478
476
476
477
477
477
480
487
491
491
488
486
482
481
476
472
472
471
466
457
451
447
445
445
445
449
455
463
462
459
464
458
458
464
465
459
454
450
449
449
449
457
463
466
472
225
230
237
247
253
254
250
250
251
253
253
258
263
269
276
279
285
291
294
294
293
289
283
283
285
285
281
278
276
272
270
267
271
278
285
285
293
293
292
289
293
299
307
311
316
325
332
341
351
357
364
371
376
384
390
396
399
409
414
416
418
421
423
423
421
416
412
406
401
398
388
381
374
369
359
350
345
339
336
332
334
342
345
352
357
363
369
375
381
393
399
403
407
410
412
414
415
415
416
411
407
405
401
397
392
383
376
367
361
355
350
338
332
327
322
316
312
309
302
299
296
302
304
305
305
301
295
293
289
285
282
279
283
290
292
284
279
276
269
264
263
259
253
248
238
231
228
226
225
226
