467
461
456
451
451
447
450
448
444
437
435
434
437
445
453
458
463
466
467
467
470
475
478
488
491
493
494
485
486
483
483
483
483
481
481
482
484
483
482
482
482
476
471
469
469
469
479
482
487
493
499
500
501
499
499
500
500
500
501
506
512
515
519
523
528
528
530
530
534
537
542
542
542
544
546
548
551
551
553
560
564
570
572
572
571
567
568
565
565
561
558
558
555
555
553
552
551
551
551
551
551
549
548
546
542
540
537
533
527
523
517
510
508
511
514
517
521
524
527
527
522
511
522
526
522
517
511
511
523
534
542
544
547
547
541
533
524
522
512
504
497
489
484
481
480
478
467
465
459
457
451
450
449
447
440
436
427
421
420
426
428
436
444
451
457
462
277
281
286
295
298
297
292
288
287
291
298
303
310
309
309
309
307
303
301
297
298
303
304
310
314
314
321
327
336
339
344
351
359
364
374
378
384
397
403
405
405
408
410
413
418
417
416
415
411
409
407
404
401
392
384
381
374
367
359
351
344
334
330
330
335
341
348
354
360
365
373
381
388
393
398
404
412
421
422
422
422
419
415
408
405
401
393
390
382
376
371
364
360
355
349
343
337
330
320
319
310
304
302
296
294
288
291
296
297
298
298
297
292
289
289
288
284
282
278
276
275
272
274
278
283
284
291
298
298
292
288
282
276
273
269
266
261
259
256
254
253
253
255
259
261
261
260
258
253
253
251
248
245
243
243
243
247
251
264
269
276
275
275
275
276
276
