464
460
454
446
441
436
428
424
424
425
431
438
443
453
459
464
467
476
481
490
501
511
515
522
528
537
540
539
536
533
531
527
519
512
506
497
491
485
485
487
493
505
508
515
518
518
510
505
499
506
516
518
508
502
489
485
495
509
521
531
537
541
547
550
550
549
549
551
554
554
557
560
561
565
566
566
569
572
570
566
562
550
550
551
552
552
549
545
545
544
540
540
534
532
532
528
526
523
517
514
508
505
500
499
500
499
499
503
505
501
493
488
481
475
466
466
472
476
483
483
483
481
481
481
480
480
483
485
490
490
490
493
495
487
480
477
472
467
466
464
460
452
448
441
435
434
429
426
425
427
429
430
436
445
445
451
455
455
455
284
289
292
292
290
290
288
277
272
267
264
262
262
263
265
268
268
264
260
259
261
264
266
269
272
275
278
284
289
292
295
298
303
305
306
308
308
306
303
298
298
297
296
290
288
283
280
279
278
278
282
288
294
295
299
306
308
306
302
293
290
294
307
314
317
327
335
339
352
354
363
371
382
391
399
409
411
416
420
423
426
424
419
417
415
410
408
399
395
388
381
373
364
357
351
344
337
331
335
340
350
358
369
377
380
391
397
401
409
411
412
412
419
419
419
412
408
405
401
397
391
384
377
374
363
358
349
344
337
335
328
326
321
320
316
310
310
308
313
320
321
321
321
325
323
320
320
316
311
309
308
307
305
306
311
309
305
300
295
