447
448
448
450
451
447
444
444
442
442
447
447
447
442
436
433
436
446
450
462
467
468
467
465
465
464
463
462
460
460
465
465
465
466
466
466
470
474
479
485
491
500
504
507
510
514
515
528
529
532
530
527
524
519
518
513
511
504
498
492
490
485
488
489
489
489
492
495
496
496
496
496
496
493
489
484
480
470
463
459
458
455
455
461
466
468
479
483
488
489
486
483
480
477
486
489
484
472
462
456
456
465
485
499
504
511
509
504
498
493
487
479
470
470
470
471
467
460
455
449
443
438
437
437
437
441
441
444
449
455
454
451
450
446
444
444
440
439
439
434
427
422
418
413
411
407
404
404
407
411
414
418
426
430
435
436
441
444
289
294
305
313
318
329
343
353
362
374
386
395
403
409
410
413
418
415
412
412
408
403
397
391
386
380
374
365
362
357
349
345
339
329
344
361
365
373
374
381
385
391
393
400
409
414
414
414
414
403
396
385
382
384
385
381
375
370
364
361
360
355
346
342
335
329
322
321
314
308
299
292
292
292
294
294
294
295
295
295
295
287
284
283
283
283
283
282
278
275
271
268
264
257
270
275
278
282
284
284
292
293
293
289
281
276
270
264
257
254
248
245
244
244
240
232
224
219
218
218
220
224
230
234
240
246
248
251
251
249
253
255
260
263
267
269
270
276
278
281
281
276
273
269
266
268
273
280
281
283
285
287
289
291
294
294
294
292
