442
442
444
444
444
436
435
430
423
418
413
408
405
405
408
419
421
429
432
437
440
444
445
454
459
467
473
475
480
481
473
465
454
453
450
447
445
448
450
456
463
467
476
482
478
473
462
462
462
463
465
471
479
478
467
465
464
469
468
467
463
459
451
446
434
436
438
444
445
444
443
443
443
451
457
467
476
469
463
463
470
479
481
487
490
494
494
490
495
495
492
492
495
498
502
505
506
502
499
494
494
497
505
512
519
521
522
519
511
502
497
488
485
477
469
469
469
469
464
459
450
444
438
436
435
437
439
441
445
449
451
451
451
448
444
436
436
435
430
429
427
426
420
417
413
411
409
409
404
400
398
397
395
401
405
405
407
413
417
420
428
433
436
440
279
288
297
298
306
309
311
315
315
320
323
324
329
334
338
339
342
347
351
354
361
368
369
373
373
374
374
374
370
370
366
363
357
355
351
343
341
332
332
329
324
323
321
320
328
332
341
348
352
357
363
363
367
373
376
376
383
391
398
407
408
410
411
413
413
410
407
403
399
390
383
378
372
373
373
373
370
362
357
347
334
327
320
318
309
301
297
290
278
276
269
267
267
269
271
271
274
278
280
285
292
293
289
286
283
277
268
265
259
253
251
249
246
242
242
240
235
229
223
221
219
221
225
228
232
238
242
248
250
250
249
250
259
259
260
263
267
268
271
272
274
274
273
270
267
265
258
258
257
257
263
264
269
271
272
274
280
281
284
287
289
287
284
282
