392
398
398
401
405
411
415
422
426
433
439
445
452
446
444
443
439
437
430
412
408
404
400
400
392
392
384
384
380
377
375
377
379
384
390
401
404
410
414
414
414
414
414
417
418
422
432
431
446
449
445
441
439
437
437
437
438
438
438
444
446
447
446
446
438
435
434
439
446
448
458
462
467
468
468
466
464
463
462
458
457
457
462
465
469
473
479
485
490
490
494
494
495
495
495
486
482
480
492
500
506
509
516
516
516
516
518
522
524
527
526
518
515
506
499
491
483
472
467
463
462
465
465
462
454
447
438
432
429
429
429
438
443
445
444
441
435
430
427
426
419
414
409
406
405
402
397
394
391
391
265
272
277
281
281
281
281
281
281
282
284
286
282
278
275
278
279
282
284
287
293
302
306
318
327
329
329
329
329
337
340
341
342
344
345
347
344
338
335
327
323
318
313
309
309
309
306
306
308
313
320
328
334
338
349
358
362
371
377
386
394
401
406
408
411
415
416
412
411
409
409
406
403
400
395
386
379
374
364
356
348
340
333
329
325
320
317
310
300
294
285
276
268
265
263
263
263
263
264
265
265
272
275
281
283
286
287
287
281
274
269
261
253
253
247
244
244
241
241
243
242
236
231
229
227
226
223
226
230
240
247
250
250
252
259
260
263
267
270
271
270
266
262
258
253
249
249
250
256
261
