365
355
352
347
345
346
355
363
366
374
374
378
388
395
406
410
416
422
427
433
437
441
445
443
439
445
445
451
453
456
447
442
440
440
436
437
437
440
440
442
447
447
447
451
446
438
435
435
443
447
452
457
463
470
469
469
465
465
461
461
460
457
462
465
467
471
474
479
488
493
493
493
491
491
489
488
480
476
490
495
506
509
517
520
522
523
527
530
532
532
532
530
525
518
508
495
483
479
464
458
455
455
455
450
444
438
432
424
422
421
421
427
430
433
439
442
442
440
436
432
432
437
445
450
455
431
420
416
406
403
398
395
389
386
384
376
368
378
390
399
399
394
390
388
384
386
391
394
402
402
403
408
410
301
304
301
301
307
313
315
319
319
319
316
309
306
301
297
293
291
289
289
290
294
298
307
313
318
306
307
312
312
312
314
316
323
328
338
341
351
358
367
373
381
386
394
399
402
403
410
415
413
411
410
410
410
406
400
396
389
383
375
367
360
355
345
338
333
327
320
318
312
303
295
287
277
273
265
261
259
259
260
260
261
261
268
273
276
279
282
282
280
273
271
264
260
255
249
246
244
243
242
242
244
239
234
231
227
227
227
229
232
236
242
249
251
257
257
255
260
261
264
263
269
270
274
277
279
271
271
269
271
274
280
281
284
288
290
294
300
292
284
278
273
271
267
265
263
258
254
254
254
260
263
264
268
