538
529
523
523
528
530
524
515
505
503
499
498
497
497
498
506
510
519
524
529
530
519
512
511
511
514
513
513
521
523
525
516
504
504
500
500
497
494
490
486
485
483
484
487
489
490
482
479
479
483
490
495
506
507
508
508
508
508
504
504
504
502
502
503
506
513
519
521
523
530
533
536
536
538
538
541
542
542
540
540
540
541
546
554
555
556
564
564
560
559
563
563
563
562
562
561
560
558
558
558
558
558
560
561
564
566
569
573
574
580
581
583
583
584
585
592
592
597
599
600
598
596
594
589
587
584
578
569
560
556
551
554
559
562
562
558
549
543
212
216
227
233
241
243
246
246
249
255
261
269
279
286
290
291
291
291
291
287
283
281
281
280
274
271
278
280
281
281
285
289
290
297
304
310
319
325
329
339
349
354
362
375
384
391
398
401
408
411
411
409
405
402
397
391
385
382
376
367
362
358
353
348
346
339
333
328
328
331
337
343
348
358
363
373
380
387
393
401
406
411
416
418
420
420
418
412
407
404
396
389
381
374
365
359
352
341
334
325
318
312
304
295
286
282
279
279
280
286
289
297
301
307
308
308
308
302
297
291
283
278
275
267
263
258
253
251
247
247
243
238
233
225
224
217
214
212
