516
508
498
495
493
491
488
488
488
489
489
483
482
477
473
468
458
458
456
456
465
469
470
470
468
468
467
465
465
468
473
478
479
486
494
502
508
509
516
520
522
531
537
536
534
524
521
516
519
525
521
521
527
532
536
529
516
509
504
502
498
498
503
507
513
521
528
528
532
537
540
548
553
554
559
557
556
556
560
564
571
575
580
584
589
594
592
591
586
583
580
577
577
578
583
587
593
600
603
608
611
618
618
618
618
614
614
610
604
604
606
607
604
598
597
591
589
586
582
579
576
570
569
563
560
559
559
559
559
564
564
564
562
563
563
563
565
565
566
566
565
560
558
551
548
546
544
543
543
540
542
542
542
542
537
533
530
528
525
521
519
314
316
317
318
325
332
342
352
359
365
369
371
371
372
373
373
369
365
359
358
355
354
352
343
336
331
324
316
309
305
304
302
301
299
296
292
289
285
287
289
290
290
290
285
283
277
273
270
266
261
265
271
277
280
289
291
287
279
276
272
268
265
260
258
255
249
240
240
238
238
238
240
240
240
237
231
226
221
218
213
212
211
210
210
214
220
224
230
232
234
239
244
244
249
251
254
257
258
261
267
270
275
282
284
291
293
293
295
295
295
290
287
286
286
286
283
283
283
284
289
294
303
305
311
318
324
327
334
342
350
359
371
377
384
395
398
406
409
411
415
417
417
417
417
416
411
408
403
399
387
380
374
367
358
352
340
333
329
326
321
318
