460
450
444
435
434
434
444
445
451
456
463
469
475
475
475
475
475
477
481
483
483
489
493
502
504
511
521
524
524
526
530
538
537
541
544
543
543
543
544
547
549
555
560
566
566
560
560
560
562
562
561
561
561
560
558
558
557
557
567
573
579
586
588
598
610
621
621
619
618
616
614
612
616
622
627
633
633
632
627
621
611
609
601
592
585
579
578
582
590
594
599
597
595
589
582
576
569
564
563
562
562
559
564
562
552
546
533
527
523
517
506
501
499
498
498
500
504
509
514
518
525
532
532
534
531
520
518
516
517
521
526
528
533
526
520
521
529
533
532
520
516
506
503
503
501
497
490
484
478
474
468
467
466
463
462
461
333
335
335
335
341
347
348
350
355
355
358
358
352
347
344
338
327
323
316
309
309
309
312
315
315
314
314
321
324
332
338
345
355
362
378
384
394
401
409
413
416
417
417
415
409
404
399
391
384
379
368
359
351
343
337
325
318
309
297
290
285
282
281
281
283
284
285
288
289
294
296
297
298
294
290
285
274
273
273
272
267
266
263
258
255
253
249
245
239
233
228
217
214
211
208
208
211
215
217
225
228
234
239
240
240
240
237
240
244
247
253
259
261
264
269
273
273
275
282
287
288
290
290
281
277
274
271
269
266
264
259
257
258
262
268
275
278
282
291
289
286
282
284
285
288
288
287
287
287
291
300
302
309
315
322
328
