440
433
428
423
412
407
396
392
393
401
408
414
424
446
454
470
480
488
496
506
514
519
522
525
531
531
532
537
536
536
537
541
543
547
551
556
565
566
566
562
559
557
557
556
556
556
556
555
553
553
552
551
556
561
571
582
591
601
609
610
610
610
608
606
609
615
620
625
625
621
618
615
609
605
601
596
589
585
586
589
591
597
601
604
607
607
601
596
586
580
577
574
570
570
572
570
569
564
558
548
542
537
528
521
514
506
502
501
503
505
507
510
516
520
526
531
535
542
547
547
538
535
531
527
526
524
523
528
528
535
537
535
529
528
533
540
544
531
521
517
510
507
498
492
490
480
471
466
459
453
444
282
287
291
291
286
284
287
290
295
295
296
297
298
292
290
289
289
294
300
307
310
318
328
338
347
357
364
369
379
390
396
403
409
414
419
419
421
416
413
410
407
401
399
388
379
370
361
353
344
334
324
318
309
303
293
287
284
290
296
297
300
306
309
311
315
314
306
298
292
284
281
277
270
265
260
257
249
246
243
242
236
232
225
220
213
210
209
207
207
214
216
223
231
232
239
240
240
234
234
234
235
239
243
244
249
253
257
258
263
267
271
271
275
282
285
285
285
285
281
280
275
275
272
267
265
262
260
254
254
251
250
255
259
262
272
275
278
288
282
282
278
278
278
275
275
271
271
271
273
277
280
