385
373
372
372
372
376
383
390
403
413
422
433
441
458
468
476
487
496
507
516
522
525
528
528
528
532
532
534
537
538
540
548
553
561
564
565
557
557
556
556
556
556
554
551
550
552
555
563
570
578
592
598
604
612
618
616
612
611
617
627
634
630
630
626
625
619
613
607
604
599
592
589
592
599
602
605
607
599
590
585
579
571
571
570
570
572
571
557
551
541
537
525
517
507
505
501
501
505
511
516
520
532
537
537
551
542
539
532
526
524
529
537
530
527
533
543
544
539
528
517
510
502
492
484
479
470
466
458
449
439
430
427
420
410
404
398
390
388
265
261
267
278
286
291
291
289
288
289
289
290
291
292
291
292
295
301
306
313
321
327
337
341
350
360
371
380
393
401
405
414
418
418
418
409
403
402
395
382
368
356
346
334
324
321
314
302
295
291
285
288
294
300
306
311
315
321
320
316
309
300
296
290
289
284
277
268
263
259
250
244
241
232
231
225
214
209
205
207
209
211
217
224
230
232
236
231
231
235
236
241
245
248
249
253
259
264
269
272
276
278
285
285
277
272
272
267
263
258
254
251
257
261
267
271
278
284
278
275
278
280
278
277
276
276
275
274
274
273
273
273
278
280
280
279
275
269
