504
498
498
497
497
503
503
506
506
505
502
491
486
484
481
473
473
471
473
473
470
464
457
456
456
454
455
457
459
463
468
471
480
482
484
487
487
487
490
490
490
491
490
488
488
487
485
484
484
481
483
481
480
480
472
469
463
462
466
474
480
489
490
495
498
498
500
500
502
502
502
502
503
505
509
513
519
522
525
530
530
533
536
538
539
540
544
545
546
546
547
547
551
553
554
556
565
568
571
571
570
568
566
564
563
560
559
556
554
552
550
551
551
550
552
551
551
549
546
537
531
528
524
522
516
512
509
500
499
494
494
494
494
497
500
506
506
513
523
526
529
531
534
534
532
524
512
508
501
496
493
498
505
507
517
527
543
547
551
551
552
552
548
545
541
534
527
525
524
527
530
530
528
526
525
518
510
207
212
219
224
232
240
240
242
245
245
246
250
255
257
259
262
262
259
256
252
251
251
251
255
260
266
272
273
273
273
275
275
272
270
269
275
283
289
296
301
308
318
324
332
339
350
360
365
369
376
386
390
398
401
404
405
408
413
413
413
410
409
407
407
404
399
392
385
379
373
367
361
357
353
343
336
329
334
340
347
351
356
360
367
370
375
381
389
394
400
403
409
410
416
418
420
420
417
413
405
398
388
382
378
371
370
363
358
352
346
337
332
323
312
299
288
280
283
286
287
287
286
283
282
282
282
279
275
275
271
270
268
267
263
262
262
262
267
273
273
270
270
270
265
268
271
267
260
260
261
269
275
275
280
281
282
287
283
276
267
256
252
248
244
244
244
242
239
233
232
228
221
215
213
207
207
208
