493
493
490
484
472
465
457
452
448
448
451
454
457
462
467
475
479
454
447
449
454
465
476
482
488
497
504
506
512
519
515
505
501
493
486
480
477
477
480
483
487
497
506
516
516
495
494
490
490
486
486
490
495
498
499
506
513
522
522
522
520
519
518
519
521
522
528
536
538
542
545
546
547
547
547
544
538
531
526
522
517
513
504
499
492
492
492
492
496
497
503
503
504
505
510
514
517
526
530
529
529
529
521
508
504
498
490
493
497
511
519
525
530
537
543
543
543
543
543
547
547
549
550
550
555
557
558
563
565
568
568
567
569
567
566
561
555
555
552
554
551
550
546
545
544
539
537
531
530
525
523
521
519
516
509
503
503
499
498
499
498
498
497
495
493
482
476
461
463
467
477
478
480
480
480
480
480
480
480
480
484
486
493
491
488
485
485
485
483
239
244
245
247
247
247
248
250
256
260
261
261
262
265
266
268
268
261
261
254
249
247
247
247
247
245
245
246
246
247
250
253
253
254
255
256
258
258
258
258
255
255
254
248
244
242
239
233
232
227
220
217
212
211
211
211
213
216
222
227
231
232
235
239
242
242
243
244
245
251
258
268
274
280
286
289
289
288
287
286
286
285
281
280
278
276
272
265
264
264
266
269
271
271
271
271
271
274
274
269
265
271
272
272
268
266
271
275
280
283
284
287
287
287
287
295
305
313
318
324
334
341
347
351
356
362
369
378
387
398
403
410
414
416
419
419
420
420
414
410
405
401
392
385
380
371
367
357
353
346
339
336
333
332
338
347
353
363
371
382
396
401
407
409
409
409
411
415
410
406
401
398
392
384
374
366
358
352
342
337
329
324
318
311
301
290
285
279
271
