470
477
488
482
472
465
454
452
446
445
445
452
460
463
472
478
485
487
487
488
488
488
485
483
483
480
480
479
478
477
478
473
472
462
467
471
476
484
489
499
499
499
499
499
497
497
497
499
502
504
507
510
514
515
521
524
527
530
534
537
542
545
549
552
553
553
551
551
559
563
569
573
572
570
568
568
568
565
563
560
555
554
552
549
548
547
545
545
546
543
543
537
532
520
506
495
492
489
492
494
500
503
506
515
528
528
530
530
531
533
527
516
505
503
495
491
499
508
519
529
537
544
548
547
546
544
540
530
525
519
515
512
511
511
516
513
509
507
505
499
495
495
488
483
479
483
484
486
491
491
490
482
476
251
249
248
243
243
243
246
248
252
255
261
261
262
265
265
271
276
288
297
305
315
324
332
342
353
363
373
380
388
397
403
404
405
410
412
414
412
411
407
407
402
399
394
388
379
370
363
355
350
341
336
331
329
335
338
346
352
356
363
370
379
388
396
406
407
413
421
421
422
421
419
409
405
402
400
398
389
382
373
368
361
355
350
342
337
331
322
318
310
299
291
289
290
289
286
279
277
273
269
269
270
272
274
276
278
278
275
268
263
273
276
278
278
272
270
275
284
284
290
290
290
287
275
268
259
256
250
244
242
242
242
240
237
236
232
223
215
213
211
211
211
211
213
218
222
226
233
239
240
243
249
252
252
