484
477
469
461
452
446
437
433
427
419
412
401
389
374
370
370
377
388
396
403
412
421
429
434
446
459
467
472
480
482
483
485
486
486
482
482
481
480
480
481
480
480
479
477
468
465
470
478
484
495
500
500
498
498
498
498
498
498
498
502
507
510
513
520
522
527
532
537
537
540
541
544
547
549
552
554
557
559
572
572
569
569
569
566
564
562
560
554
553
549
549
545
544
542
541
538
531
524
515
511
499
495
490
486
485
485
488
495
497
505
508
512
526
528
533
525
530
530
524
510
501
488
485
486
494
508
523
536
543
545
545
544
543
541
538
533
530
520
512
507
510
512
508
506
502
494
485
480
479
479
480
481
485
485
244
246
246
247
246
246
242
242
242
243
242
241
240
237
237
241
244
245
247
250
251
251
253
256
258
264
267
270
277
285
293
300
308
316
331
341
350
360
375
388
400
401
403
403
404
410
416
415
414
411
409
404
399
397
391
381
373
365
359
351
342
333
330
337
343
349
354
364
371
377
380
389
395
401
408
416
419
419
417
410
403
399
391
384
375
371
363
358
354
343
338
325
320
306
301
291
288
288
288
289
287
285
282
279
275
270
270
269
269
273
274
275
276
276
272
268
271
275
275
275
273
268
273
282
284
287
289
289
289
285
281
269
264
259
254
249
248
243
243
242
237
231
222
215
213
212
212
217
223
228
231
233
237
240
