498
493
489
489
491
492
496
501
498
492
489
487
482
482
481
475
474
473
473
471
464
458
457
457
457
462
463
461
465
469
474
483
484
486
487
483
482
489
499
502
514
520
522
530
526
526
524
512
500
489
483
485
487
485
485
488
488
490
490
490
491
491
489
489
487
487
488
485
485
483
481
478
475
472
469
468
471
478
484
492
497
497
500
501
502
502
502
505
505
509
510
515
519
521
524
524
527
530
531
535
536
538
541
544
544
545
546
550
557
562
564
563
561
561
561
560
558
557
555
552
551
549
548
545
546
546
546
546
546
546
546
546
546
545
543
543
542
540
538
534
529
519
511
508
498
488
502
512
534
543
546
545
544
541
539
528
516
519
522
521
521
516
513
508
505
224
226
234
238
246
249
252
259
262
268
269
271
277
279
282
282
279
278
271
269
264
264
269
272
273
279
283
287
291
296
297
296
293
287
289
284
279
278
279
281
281
282
282
277
274
278
281
282
281
279
279
285
289
294
299
304
310
317
322
325
330
339
348
357
370
378
384
390
398
407
414
415
417
418
421
426
427
423
423
422
419
417
411
403
396
388
382
374
372
361
355
349
348
353
358
361
366
370
374
384
389
396
407
415
419
428
431
432
432
432
429
423
420
411
402
396
391
387
384
375
367
359
352
347
336
327
320
311
306
299
296
288
285
273
284
287
290
293
294
296
297
297
297
297
295
292
292
294
297
287
279
265
260
257
257
254
254
250
242
232
230
227
226
226
225
