496
489
481
472
467
459
456
449
444
435
429
423
418
416
417
420
427
437
442
449
460
470
476
481
483
484
486
485
485
484
485
486
485
482
482
481
481
483
484
485
484
480
477
469
471
476
484
488
495
496
498
499
499
499
499
499
500
504
508
510
514
518
519
522
525
530
534
536
538
540
543
547
546
551
555
559
560
560
562
563
561
559
555
554
549
547
546
546
545
543
543
543
542
542
542
542
542
539
532
525
522
511
509
502
493
487
485
482
481
485
489
495
496
502
503
509
514
520
521
525
528
529
511
500
491
483
482
482
493
503
510
522
534
543
543
542
542
541
539
539
532
521
516
515
514
514
518
518
515
504
499
493
490
489
489
489
492
494
256
259
261
265
269
271
271
269
267
263
261
256
260
262
267
270
274
279
280
282
287
285
284
284
287
294
300
309
315
321
329
333
338
345
355
365
376
383
392
401
408
411
416
420
425
426
423
421
419
417
414
402
395
388
378
369
365
357
349
345
342
347
352
354
361
369
376
389
401
411
419
425
430
432
431
428
424
417
408
402
396
388
377
371
362
353
349
344
335
331
323
318
312
302
296
286
291
295
296
296
296
294
293
291
289
285
283
280
277
275
274
275
276
278
278
281
281
281
281
281
274
280
278
276
275
274
278
285
287
291
292
293
295
294
286
279
273
268
258
258
255
255
255
255
252
248
242
236
226
220
221
224
230
234
238
243
246
252
