489
485
485
485
489
490
487
482
476
467
457
443
434
422
418
411
405
398
392
385
381
379
379
378
382
382
388
391
403
403
409
419
424
434
442
449
458
462
467
473
476
476
477
480
481
481
483
485
483
482
482
482
480
480
482
484
485
487
479
473
473
472
478
484
493
499
503
501
500
499
499
498
497
497
501
504
508
511
519
521
524
525
529
534
535
537
538
540
546
546
547
553
561
564
563
562
562
561
556
556
553
551
548
547
544
541
541
540
539
539
539
533
529
524
510
505
499
490
487
483
483
487
493
496
500
511
518
521
529
529
529
524
517
509
499
486
484
485
498
509
526
535
539
540
540
538
532
524
516
516
510
509
515
516
514
508
501
495
226
231
237
242
248
255
255
255
255
256
258
260
260
260
259
257
256
256
252
251
251
255
256
261
262
262
261
260
264
264
264
269
269
272
274
274
276
277
277
281
287
289
298
303
310
315
319
327
336
341
351
359
368
374
387
396
403
411
415
418
420
423
425
422
417
417
413
405
398
392
382
375
365
357
351
344
342
342
347
353
357
362
369
377
389
397
406
410
421
425
431
431
430
424
418
413
404
398
388
381
376
368
359
351
344
334
326
320
308
302
297
297
297
297
295
293
290
284
282
278
278
276
277
278
281
285
284
284
281
274
280
281
281
281
277
276
278
282
287
295
299
293
286
278
266
260
258
252
254
254
253
250
245
237
231
227
227
227
