482
471
467
461
461
461
463
467
470
475
476
479
482
481
480
478
475
468
466
463
461
459
459
463
471
475
481
484
493
502
505
514
517
512
501
491
482
473
466
461
460
466
473
480
485
491
499
500
496
487
483
474
461
460
460
461
464
471
476
485
488
490
488
483
480
475
473
472
472
468
464
462
457
452
448
449
453
455
457
458
468
470
478
479
482
484
486
487
491
490
492
494
491
487
481
479
476
478
478
478
476
468
464
460
460
463
471
473
477
482
486
490
491
492
492
494
494
494
494
495
501
507
511
516
518
520
525
527
530
530
533
535
537
538
538
542
544
545
556
558
559
560
557
556
555
554
552
550
549
548
547
546
545
545
546
548
550
549
546
540
538
532
530
525
518
511
506
502
497
497
496
492
489
484
225
227
234
236
241
246
251
255
259
259
259
259
263
266
267
272
272
270
268
267
267
270
276
279
282
284
284
287
290
290
290
290
282
290
292
291
286
284
284
279
274
268
272
272
274
276
272
268
274
275
271
271
268
270
276
281
282
283
283
288
293
293
298
302
303
304
304
304
301
299
298
295
295
295
296
303
306
312
315
317
317
317
315
314
314
314
312
312
308
302
309
317
322
338
350
359
369
381
391
397
401
405
407
413
415
417
415
413
412
412
410
410
405
403
395
385
380
375
369
364
359
352
346
343
347
352
358
361
368
374
379
386
393
397
406
417
421
422
423
418
415
406
399
391
382
378
375
373
364
359
352
346
336
329
324
319
312
308
304
294
283
277
265
260
256
252
250
250
250
250
245
239
235
229
