485
469
467
460
457
457
451
447
441
436
425
424
427
431
438
444
451
464
471
472
474
475
475
475
467
465
465
465
470
472
478
482
485
490
500
502
504
504
504
506
505
496
482
471
465
464
470
475
491
491
500
506
515
516
517
518
519
517
499
489
477
479
483
487
487
485
485
484
480
476
473
473
473
473
474
476
469
466
464
462
462
470
474
485
487
488
489
491
491
491
489
493
501
507
510
520
520
520
523
523
525
529
530
531
532
535
538
540
540
541
549
556
560
560
560
555
552
551
547
545
545
545
544
543
545
546
543
540
537
534
533
528
527
522
515
511
503
499
499
499
497
493
485
479
471
469
469
469
468
468
470
475
478
483
259
267
275
281
290
290
296
300
297
294
291
299
304
310
315
315
315
315
313
308
304
297
293
293
289
286
282
278
276
275
277
280
280
280
281
281
278
272
265
278
279
279
279
277
276
284
291
292
292
292
291
291
292
292
292
287
281
292
292
291
293
298
305
308
317
320
327
331
342
351
352
361
375
390
402
406
407
407
409
414
417
418
412
411
410
405
396
386
378
372
365
356
350
344
340
347
351
356
359
365
369
373
381
386
391
400
404
413
415
420
422
424
417
410
404
397
388
379
371
365
356
346
338
331
324
315
306
297
290
280
274
267
258
253
251
251
251
251
245
236
229
226
225
225
227
231
234
237
241
246
249
253
253
259
