487
478
470
461
452
446
443
433
425
417
411
409
411
421
428
435
444
452
456
459
464
465
474
478
483
492
502
507
513
513
513
508
499
489
474
470
470
471
472
474
481
487
494
502
510
519
523
529
531
529
517
498
481
471
463
469
471
473
477
477
479
482
482
479
477
474
473
473
473
473
474
475
475
475
474
469
469
469
460
460
469
478
486
491
491
492
492
492
491
491
497
502
505
513
515
515
519
526
527
532
533
536
541
542
544
545
550
559
560
560
560
556
555
551
548
547
547
544
543
541
541
540
540
540
539
538
534
534
533
532
528
523
519
512
507
505
508
511
507
495
490
482
476
476
479
480
485
485
488
488
259
259
263
266
268
267
263
258
252
251
255
262
267
271
274
277
280
281
281
279
276
274
273
275
277
277
279
279
273
267
274
277
279
279
277
274
277
280
283
286
286
286
290
290
290
292
292
290
285
289
291
291
290
289
282
286
290
296
304
311
318
323
331
335
342
350
353
360
370
379
388
393
403
404
408
409
409
409
412
417
416
411
411
410
403
394
387
380
372
369
356
349
341
336
342
347
355
364
373
381
386
396
408
411
420
424
423
417
415
406
401
392
388
381
373
368
361
353
344
335
332
327
319
309
301
295
282
274
265
259
248
248
248
248
248
248
243
235
225
219
221
224
229
235
244
247
247
247
248
254
