504
500
495
487
483
482
487
489
495
500
504
510
513
518
516
505
498
491
478
472
468
463
462
468
472
477
478
480
482
483
483
483
483
482
479
477
476
474
473
473
475
478
480
480
477
471
468
464
463
463
475
488
492
494
494
493
493
493
496
497
501
506
508
513
515
516
521
522
526
528
531
534
536
539
540
545
546
551
554
558
562
562
559
559
559
556
553
550
549
548
544
540
540
538
538
537
537
537
532
528
517
511
500
496
492
486
484
486
487
493
496
496
503
511
518
525
529
529
527
519
506
500
495
488
483
482
486
493
500
501
503
513
528
533
539
543
546
546
544
536
529
527
523
518
519
526
530
531
531
528
525
521
514
508
504
501
497
495
496
500
242
244
243
234
225
222
218
217
216
214
213
213
213
212
207
206
206
206
209
215
217
220
230
233
245
250
258
267
275
287
295
300
300
314
323
334
343
353
362
369
381
384
394
403
407
411
409
409
415
417
415
413
408
395
387
380
374
363
355
347
341
336
335
332
335
342
348
355
360
367
378
385
391
396
402
413
420
420
420
420
419
410
400
387
384
378
371
364
358
353
343
336
328
322
314
304
295
292
291
291
291
291
288
284
283
278
273
268
267
268
273
274
272
277
275
275
274
267
273
275
275
273
272
269
269
276
281
282
283
284
290
290
289
289
289
278
267
258
253
250
246
244
244
244
241
241
239
228
222
220
217
215
215
215
215
217
225
230
236
238
