36
4 4 4 2 2 
4 4 8
6 2 2 2 4
16
4 4 4 4
4 12
8 2 2 4
12 4
4 4 4 2 2

4 4 8
6 2 2 2 4
16
4 4 4 4
4 12
8 2 2 4 
16
4 4 4 2 2 
4 4 8

6 2 2 2 4 
16
4 4 4 4
4 12
8 2 2 4
12 4
4 4 4 2 2
4 4 8
6 2 2 2 4

16
4 4 4 4
4 12
8 2 2 4
12 2 2
4 4 4 2 2 
4 4 8
6 2 2 2 4
16

4 4 4 4
4 12
8 2 2 4
12 4
4 4 4 2 2
4 4 8
6 2 2 2 4
16
4 4 4 4

4 12
8 2 2 4
16
4 4 4 2 2 
4 4 8
6 2 2 2 4
16
4 4 4 4
4 12

8 2 2 4
12 4
4 4 4 2 2
4 4 8
6 2 2 2 4
16
4 4 4 4
4 12
8 2 2 4

12 2 2
4 4 4 2 2
4 4 8
6 2 2 2 4
16
4 4 4 4
4 12
8 2 2 4
12 4

4 4 4 2 2
4 4 8
6 2 2 2 4
16
4 4 4 4
4 12
8 2 2 4
12 2 2
4 4 4 2 2

4 4 8
6 2 2 2 4
16
4 4 4 4
4 12
8 2 2 4
12 4
4 4 4 2 2
4 4 8
6 2 2 2 4
16
4 4 4 4
4 12
8 2 2 4

1024
