10
12 20 20 12 12
20 19 18
19 18 18 18 17
17
17 12 12 10
10 8 
10 8 6 5
5 10
12 20 20 20 22

20 19 18
19 18 18 18 17
17
17 12 12 10
10 8
10 8 7 5
5
12 20 20 12 12
20 19 18

19 18 18 18 17
17
17 12 12 10
10 8
10 8 6 5
5 10
12 20 20 20 22
20 19 18
19 18 18 18 17

17
17 12 12 10
10 8
10 8 7 5
5 26 24
12 20 20 12 12
20 19 18
19 18 18 18 17
17

17 12 12 10
10 8
10 8 6 5
5 10
12 20 20 20 22
20 19 18
19 18 18 18 17
17
17 12 12 10

10 8
10 8 7 5
5
12 20 20 12 12
20 19 18
19 18 18 18 17
17
17 12 12 10
10 8

10 8 7 5
5 10
12 20 20 20 22
20 19 18
19 18 18 18 17
17
17 12 12 10
10 8
10 8 7 5

5 26 24
12 20 20 12 12
20 19 18
19 18 18 18 17
17
17 12 12 10
10 8
10 8 7 5
5 10

12 20 20 20 22
20 19 18
19 18 18 18 17
17
17 12 12 10
10 8
10 8 7 5
5 26 24
12 20 20 12 12

20 19 18
19 18 18 18 17
17
17 12 12 10
10 8
10 8 7 5
5 10
12 20 20 20 22
20 19 18
19 18 18 18 17
17
17 12 12 10
10 8
10 8 7 5


10